011000 019000  -.012 000170  -.0018 000160   -.010 000061  -.0030 000060  .00300
011000 020000   .070 000170   -.007 000160   -.055
011000 012000   .070 000170   -.012 000160   -.015 
011000 001000   .036 000170   -.004 000161  -.0129
019000 020000   .032 000170   -.025
019000 012000   .000 000170   -.022 000160   -.048
019000 001000   .005 000170   -.011 000160    .197 000161  -.0265
020000 012000   .007 000170   -.012 000160    .024
020000 001000   .092 000170   -.015
012000 012080   .000 000170    .028
012000 001000    .10 000170   -.011 000161  -.0178
000170 000160    .02 011000   .0014 020000   -.018 012000  -.0040
000170 000161  -.006 011000   -.006 001000   .0130
000170 000080   -.05 011000   -.006 019000   -.006 020000  -.0250
000170 000061  .0300 011000  -.0150 012000   -.096
000170 000060 -.0200 011000   .0085 019000  .00400
000160 000161    .00 011000 -.00940 019000  -.0677 012000  -.0425
000160 000080  -.013 011000   -.009 019000   -.050
000160 000061    .01 011000 -.00500 012000   -.161
000160 000060    .02 011000   -.005 019000 -.00900
000080 000060   .100 011000  -.0170 019000  -.0100
000061 000060 -.0400 011000  .00200 019000   .0120
000051 000170  -.065 011000  -.0073
000051 000160  -.012
000052 000170    .12 011000   -.024
000052 000160    .10
000052 000061   -.10
000053 000170   .074 011000    .026
000053 000160    .12
000053 000061  -.087
000000
