iCap                   
           0           
Ntab                   
          78           
theta       h          K         
   3.300E-01 -1.000E-03 9.558E+00
   3.299E-01 -1.217E-01 9.551E+00
   3.299E-01 -1.227E-01 9.549E+00
   3.299E-01 -1.240E-01 9.548E+00
   3.299E-01 -1.256E-01 9.545E+00
   3.299E-01 -1.275E-01 9.541E+00
   3.298E-01 -1.299E-01 9.534E+00
   3.298E-01 -1.330E-01 9.523E+00
   3.296E-01 -1.368E-01 9.503E+00
   3.294E-01 -1.416E-01 9.468E+00
   3.289E-01 -1.475E-01 9.402E+00
   3.280E-01 -1.550E-01 9.277E+00
   3.263E-01 -1.643E-01 9.035E+00
   3.230E-01 -1.759E-01 8.581E+00
   3.166E-01 -1.905E-01 7.774E+00
   3.054E-01 -2.087E-01 6.490E+00
   2.870E-01 -2.314E-01 4.757E+00
   2.599E-01 -2.598E-01 2.895E+00
   2.244E-01 -2.954E-01 1.389E+00
   1.837E-01 -3.398E-01 5.103E-01
   1.427E-01 -3.953E-01 1.444E-01
   1.064E-01 -4.647E-01 3.326E-02
   7.779E-02 -5.514E-01 6.956E-03
   5.748E-02 -6.598E-01 1.532E-03
   4.421E-02 -7.954E-01 4.126E-04
   3.602E-02 -9.648E-01 1.482E-04
   3.107E-02 -1.177E+00 7.066E-05
   2.797E-02 -1.441E+00 4.180E-05
   2.587E-02 -1.772E+00 2.828E-05
   2.427E-02 -2.186E+00 2.056E-05
   2.292E-02 -2.703E+00 1.546E-05
   2.171E-02 -3.349E+00 1.177E-05
   2.056E-02 -4.157E+00 8.975E-06
   1.947E-02 -5.166E+00 6.826E-06
   1.841E-02 -6.429E+00 5.167E-06
   1.740E-02 -8.006E+00 3.890E-06
   1.642E-02 -9.979E+00 2.913E-06
   1.548E-02 -1.244E+01 2.169E-06
   1.457E-02 -1.553E+01 1.606E-06
   1.371E-02 -1.938E+01 1.184E-06
   1.289E-02 -2.419E+01 8.677E-07
   1.210E-02 -3.021E+01 6.330E-07
   1.135E-02 -3.773E+01 4.596E-07
   1.063E-02 -4.714E+01 3.320E-07
   9.954E-03 -5.889E+01 2.386E-07
   9.308E-03 -7.359E+01 1.706E-07
   8.695E-03 -9.195E+01 1.214E-07
   8.113E-03 -1.149E+02 8.587E-08
   7.562E-03 -1.436E+02 6.039E-08
   7.039E-03 -1.795E+02 4.222E-08
   6.545E-03 -2.243E+02 2.932E-08
   6.076E-03 -2.804E+02 2.023E-08
   5.633E-03 -3.504E+02 1.385E-08
   5.214E-03 -4.380E+02 9.408E-09
   4.817E-03 -5.475E+02 6.337E-09
   4.443E-03 -6.843E+02 4.228E-09
   4.089E-03 -8.554E+02 2.793E-09
   3.756E-03 -1.069E+03 1.825E-09
   3.441E-03 -1.337E+03 1.178E-09
   3.144E-03 -1.671E+03 7.501E-10
   2.864E-03 -2.088E+03 4.706E-10
   2.600E-03 -2.610E+03 2.904E-10
   2.352E-03 -3.263E+03 1.758E-10
   2.119E-03 -4.078E+03 1.042E-10
   1.899E-03 -5.098E+03 6.030E-11
   1.692E-03 -6.372E+03 3.391E-11
   1.498E-03 -7.966E+03 1.845E-11
   1.316E-03 -9.957E+03 9.657E-12
   1.146E-03 -1.245E+04 4.822E-12
   9.857E-04 -1.556E+04 2.272E-12
   8.358E-04 -1.945E+04 9.962E-13
   6.956E-04 -2.431E+04 3.976E-13
   5.644E-04 -3.039E+04 1.399E-13
   4.420E-04 -3.798E+04 4.118E-14
   3.277E-04 -4.748E+04 9.225E-15
   2.211E-04 -5.935E+04 1.291E-15
   1.219E-04 -7.418E+04 6.585E-17
   2.969E-05 -9.273E+04 5.639E-20
