iCap                 
        0            
Ntab                 
       77            
theta    h           K          
4.600E-01  -1.000E-03  4.968E+00
4.600E-01  -2.000E-03  4.968E+00
4.600E-01  -3.250E-03  4.968E+00
4.600E-01  -4.813E-03  4.968E+00
4.600E-01  -6.766E-03  4.967E+00
4.600E-01  -9.207E-03  4.966E+00
4.599E-01  -1.226E-02  4.963E+00
4.598E-01  -1.607E-02  4.957E+00
4.596E-01  -2.084E-02  4.946E+00
4.592E-01  -2.680E-02  4.923E+00
4.585E-01  -3.425E-02  4.879E+00
4.571E-01  -4.357E-02  4.797E+00
4.544E-01  -5.521E-02  4.644E+00
4.495E-01  -6.976E-02  4.375E+00
4.408E-01  -8.795E-02  3.928E+00
4.262E-01  -1.107E-01  3.263E+00
4.036E-01  -1.391E-01  2.418E+00
3.723E-01  -1.746E-01  1.550E+00
3.340E-01  -2.190E-01  8.524E-01
2.924E-01  -2.746E-01  4.097E-01
2.513E-01  -3.439E-01  1.782E-01
2.135E-01  -4.307E-01  7.266E-02
1.801E-01  -5.391E-01  2.850E-02
1.514E-01  -6.746E-01  1.094E-02
1.269E-01  -8.440E-01  4.150E-03
1.063E-01  -1.056E+00  1.565E-03
8.902E-02  -1.320E+00  5.882E-04
7.450E-02  -1.651E+00  2.208E-04
6.234E-02  -2.065E+00  8.280E-05
5.217E-02  -2.582E+00  3.105E-05
4.365E-02  -3.228E+00  1.164E-05
3.653E-02  -4.036E+00  4.365E-06
3.057E-02  -5.046E+00  1.637E-06
2.558E-02  -6.308E+00  6.139E-07
2.141E-02  -7.886E+00  2.303E-07
1.791E-02  -9.858E+00  8.637E-08
1.499E-02  -1.232E+01  3.240E-08
1.254E-02  -1.540E+01  1.215E-08
1.050E-02  -1.926E+01  4.560E-09
8.786E-03  -2.407E+01  1.711E-09
7.352E-03  -3.009E+01  6.417E-10
6.153E-03  -3.761E+01  2.408E-10
5.149E-03  -4.702E+01  9.033E-11
4.309E-03  -5.877E+01  3.389E-11
3.606E-03  -7.347E+01  1.272E-11
3.018E-03  -9.183E+01  4.771E-12
2.526E-03  -1.148E+02  1.790E-12
2.114E-03  -1.435E+02  6.716E-13
1.769E-03  -1.794E+02  2.520E-13
1.480E-03  -2.242E+02  9.455E-14
1.239E-03  -2.803E+02  3.548E-14
1.037E-03  -3.503E+02  1.331E-14
8.677E-04  -4.379E+02  4.994E-15
7.262E-04  -5.474E+02  1.874E-15
6.077E-04  -6.842E+02  7.031E-16
5.086E-04  -8.553E+02  2.638E-16
4.256E-04  -1.069E+03  9.899E-17
3.562E-04  -1.336E+03  3.714E-17
2.981E-04  -1.670E+03  1.394E-17
2.495E-04  -2.088E+03  5.229E-18
2.088E-04  -2.610E+03  1.962E-18
1.747E-04  -3.263E+03  7.361E-19
1.462E-04  -4.078E+03  2.762E-19
1.224E-04  -5.098E+03  1.036E-19
1.024E-04  -6.372E+03  3.888E-20
8.571E-05  -7.965E+03  1.459E-20
7.173E-05  -9.957E+03  5.474E-21
6.003E-05  -1.245E+04  2.054E-21
5.024E-05  -1.556E+04  7.707E-22
4.204E-05  -1.945E+04  2.892E-22
3.519E-05  -2.431E+04  1.085E-22
2.945E-05  -3.039E+04  4.071E-23
2.464E-05  -3.798E+04  1.528E-23
2.062E-05  -4.748E+04  5.731E-24
1.726E-05  -5.935E+04  2.150E-24
1.444E-05  -7.418E+04  8.069E-25
1.209E-05  -9.273E+04  3.028E-25
